31
83
29
124
101
239
231
180
96
235
157
187
185
77
160
128
111
44
62
135
47
61
17
74
238
210
196
106
91
178
57
15
146
85
90
37
173
237
174
192
34
114
227
242
215
6
67
133
255
225
7
70
108
129
253
113
252
224
257
118
99
217
200
130
116
46
258
168
84
194
19
13
172
249
234
25
32
153
59
71
243
167
121
149
112
140
189
97
259
63
23
163
50
190
8
75
175
152
193
126
136
93
219
4
43
1
203
86
78
73
109
246
240
183
202
179
264
245
92
241
28
95
127
201
182
80
131
250
230
176
154
170
165
102
117
16
254
221
144
228
141
155
195
212
5
143
256
14
158
42
100
123
58
105
88
211
68
198
191
134
156
261
262
94
89
21
218
137
197
69
10
247
207
151
12
72
209
2
22
38
11
9
184
27
26
161
171
119
18
98
139
138
115
24
39
251
65
260
53
40
107
145
55
226
66
164
222
220
52
81
159
64
51
188
263
229
60
120
236
79
56
206
125
48
233
162
169
147
150
30
82
3
49
87
248
216
54
110
223
186
41
20
213
45
265
33
122
36
148
214
177
35
208
76
204
142
232
132
205
181
244
166