265
13
129
188
94
122
126
3
155
139
107
51
83
16
206
172
71
28
109
137
88
220
247
171
240
238
41
242
84
239
230
52
81
123
248
191
194
110
142
226
166
152
61
31
262
124
90
74
49
14
89
169
48
91
136
198
106
73
264
98
105
225
108
228
154
77
175
187
60
224
178
66
144
121
1
148
50
70
38
72
23
127
222
203
167
244
213
249
93
180
102
202
135
85
232
201
9
199
29
156
114
165
25
111
231
260
216
95
252
183
174
64
42
40
179
112
116
141
117
21
100
263
162
12
76
205
39
147
259
79
56
189
92
160
43
261
159
119
138
164
250
190
193
19
10
87
22
257
36
185
170
69
253
80
65
150
241
11
204
243
18
153
217
15
168
20
219
134
214
209
235
182
218
196
157
161
45
130
208
215
223
197
210
212
96
27
143
211
131
97
101
54
149
118
236
234
200
181
258
57
233
33
246
35
251
128
173
58
229
2
192
53
75
146
195
145
4
133
62
158
32
68
24
26
163
151
7
30
115
59
132
125
256
86
120
44
113
67
237
255
207
254
37
63
46
99
6
55
176
184
17
227
245
186
140
47
177
78
82
221
34
5
8